SRS024075 
2.5e-08 
1146.73316364 185.311337844 
5e-08 
647.701208019 60.1804450186 
7.5e-08 
545.553130817 49.8489888002 
1e-07 
493.049817944 45.6725178636 
SRS024388 
2.5e-08 
1032.65408626 111.361996693 
5e-08 
592.564563799 21.1807385445 
7.5e-08 
474.254270601 8.10055333102 
1e-07 
402.380823946 15.6726300066 
SRS011239 
2.5e-08 
1100.15245161 192.548750563 
5e-08 
595.745144081 18.3454125161 
7.5e-08 
499.988463926 22.1891058814 
1e-07 
447.69019928 12.2590858286 
SRS075404 
2.5e-08 
959.608697367 62.8709800182 
5e-08 
620.890934181 34.0267137655 
7.5e-08 
490.020492411 5.84688373212 
1e-07 
457.707993364 14.1261886858 
SRS043663 
2.5e-08 
1074.60638728 59.124045315 
5e-08 
707.922590446 12.3880026261 
7.5e-08 
526.800913334 9.28757860967 
1e-07 
477.652322149 4.75702502708 
SRS062761 
2.5e-08 
1187.16652493 76.280815008 
5e-08 
715.456369877 36.455341521 
7.5e-08 
523.67841239 11.0932947953 
1e-07 
473.807409763 20.5694478162 
